"BehaviorSpace results (NetLogo 6.2.2)"
"Model_final-version.nlogo"
"2000_people_0pct_vacinated"
"02/01/2022 13:10:00:600 +0100"
"min-pxcor","max-pxcor","min-pycor","max-pycor"
"-135","135","-135","135"
"[run number]","percentage-vacinated","Show-place-of-infection","crowd-size","[step]","r-number"
"2","0","false","2000","0","0"
"3","0","false","2000","0","0"
"4","0","false","2000","0","0"
"6","0","false","2000","0","0"
"8","0","false","2000","0","0"
"10","0","false","2000","0","0"
"9","0","false","2000","0","0"
"5","0","false","2000","0","0"
"7","0","false","2000","0","0"
"1","0","false","2000","0","0"
"5","0","false","2000","1","0.025"
"6","0","false","2000","1","0.008333333333333333"
"8","0","false","2000","1","0.05"
"10","0","false","2000","1","0.016666666666666666"
"2","0","false","2000","1","0.016666666666666666"
"1","0","false","2000","1","0.016666666666666666"
"4","0","false","2000","1","0.008333333333333333"
"3","0","false","2000","1","0.016666666666666666"
"9","0","false","2000","1","0.008333333333333333"
"7","0","false","2000","1","0.008333333333333333"
"5","0","false","2000","2","0.05"
"1","0","false","2000","2","0.05"
"6","0","false","2000","2","0.008333333333333333"
"8","0","false","2000","2","0.075"
"2","0","false","2000","2","0.025"
"10","0","false","2000","2","0.03333333333333333"
"4","0","false","2000","2","0.016666666666666666"
"9","0","false","2000","2","0.016666666666666666"
"3","0","false","2000","2","0.016666666666666666"
"7","0","false","2000","2","0.058333333333333334"
"5","0","false","2000","3","0.058333333333333334"
"1","0","false","2000","3","0.09166666666666666"
"6","0","false","2000","3","0.03333333333333333"
"4","0","false","2000","3","0.03333333333333333"
"8","0","false","2000","3","0.09166666666666666"
"2","0","false","2000","3","0.058333333333333334"
"9","0","false","2000","3","0.025"
"10","0","false","2000","3","0.06666666666666667"
"3","0","false","2000","3","0.03333333333333333"
"7","0","false","2000","3","0.06666666666666667"
"1","0","false","2000","4","0.11666666666666667"
"5","0","false","2000","4","0.08333333333333333"
"6","0","false","2000","4","0.075"
"4","0","false","2000","4","0.05"
"8","0","false","2000","4","0.1"
"2","0","false","2000","4","0.058333333333333334"
"10","0","false","2000","4","0.075"
"9","0","false","2000","4","0.05"
"7","0","false","2000","4","0.08333333333333333"
"3","0","false","2000","4","0.05"
"1","0","false","2000","5","0.14166666666666666"
"5","0","false","2000","5","0.125"
"4","0","false","2000","5","0.058333333333333334"
"6","0","false","2000","5","0.08333333333333333"
"2","0","false","2000","5","0.08333333333333333"
"8","0","false","2000","5","0.125"
"9","0","false","2000","5","0.06666666666666667"
"10","0","false","2000","5","0.08333333333333333"
"1","0","false","2000","6","0.18333333333333332"
"7","0","false","2000","5","0.15"
"3","0","false","2000","5","0.06666666666666667"
"5","0","false","2000","6","0.14166666666666666"
"6","0","false","2000","6","0.1"
"4","0","false","2000","6","0.08333333333333333"
"8","0","false","2000","6","0.15833333333333333"
"2","0","false","2000","6","0.1"
"10","0","false","2000","6","0.10833333333333334"
"1","0","false","2000","7","0.19166666666666668"
"9","0","false","2000","6","0.09166666666666666"
"5","0","false","2000","7","0.15"
"7","0","false","2000","6","0.175"
"3","0","false","2000","6","0.1"
"6","0","false","2000","7","0.11666666666666667"
"8","0","false","2000","7","0.15833333333333333"
"4","0","false","2000","7","0.11666666666666667"
"2","0","false","2000","7","0.125"
"1","0","false","2000","8","0.225"
"10","0","false","2000","7","0.125"
"9","0","false","2000","7","0.10833333333333334"
"5","0","false","2000","8","0.19166666666666668"
"7","0","false","2000","7","0.175"
"3","0","false","2000","7","0.125"
"6","0","false","2000","8","0.15"
"8","0","false","2000","8","0.175"
"4","0","false","2000","8","0.15"
"1","0","false","2000","9","0.275"
"2","0","false","2000","8","0.15833333333333333"
"5","0","false","2000","9","0.21666666666666667"
"10","0","false","2000","8","0.15"
"9","0","false","2000","8","0.125"
"7","0","false","2000","8","0.19166666666666668"
"6","0","false","2000","9","0.175"
"8","0","false","2000","9","0.20833333333333334"
"3","0","false","2000","8","0.15833333333333333"
"1","0","false","2000","10","0.2916666666666667"
"5","0","false","2000","10","0.25"
"10","0","false","2000","9","0.175"
"4","0","false","2000","9","0.18333333333333332"
"2","0","false","2000","9","0.19166666666666668"
"9","0","false","2000","9","0.13333333333333333"
"7","0","false","2000","9","0.225"
"6","0","false","2000","10","0.19166666666666668"
"8","0","false","2000","10","0.225"
"3","0","false","2000","9","0.15833333333333333"
"1","0","false","2000","11","0.3"
"2","0","false","2000","10","0.23333333333333334"
"5","0","false","2000","11","0.30833333333333335"
"10","0","false","2000","10","0.2"
"6","0","false","2000","11","0.20833333333333334"
"4","0","false","2000","10","0.2"
"9","0","false","2000","10","0.14166666666666666"
"7","0","false","2000","10","0.24166666666666667"
"8","0","false","2000","11","0.24166666666666667"
"1","0","false","2000","12","0.325"
"3","0","false","2000","10","0.20833333333333334"
"2","0","false","2000","11","0.25833333333333336"
"10","0","false","2000","11","0.225"
"5","0","false","2000","12","0.3333333333333333"
"4","0","false","2000","11","0.225"
"9","0","false","2000","11","0.18333333333333332"
"6","0","false","2000","12","0.24166666666666667"
"7","0","false","2000","11","0.275"
"1","0","false","2000","13","0.3416666666666667"
"8","0","false","2000","12","0.275"
"3","0","false","2000","11","0.25"
"2","0","false","2000","12","0.26666666666666666"
"10","0","false","2000","12","0.23333333333333334"
"5","0","false","2000","13","0.3416666666666667"
"1","0","false","2000","14","0.4"
"9","0","false","2000","12","0.20833333333333334"
"4","0","false","2000","12","0.2916666666666667"
"6","0","false","2000","13","0.2916666666666667"
"7","0","false","2000","12","0.2916666666666667"
"8","0","false","2000","13","0.30833333333333335"
"2","0","false","2000","13","0.2833333333333333"
"3","0","false","2000","12","0.275"
"1","0","false","2000","15","0.425"
"10","0","false","2000","13","0.25"
"5","0","false","2000","14","0.39166666666666666"
"6","0","false","2000","14","0.3"
"7","0","false","2000","13","0.31666666666666665"
"4","0","false","2000","13","0.3"
"9","0","false","2000","13","0.23333333333333334"
"8","0","false","2000","14","0.31666666666666665"
"2","0","false","2000","14","0.325"
"1","0","false","2000","16","0.4666666666666667"
"3","0","false","2000","13","0.30833333333333335"
"5","0","false","2000","15","0.43333333333333335"
"6","0","false","2000","15","0.325"
"10","0","false","2000","14","0.2833333333333333"
"7","0","false","2000","14","0.3333333333333333"
"4","0","false","2000","14","0.3333333333333333"
"9","0","false","2000","14","0.26666666666666666"
"8","0","false","2000","15","0.35"
"1","0","false","2000","17","0.48333333333333334"
"3","0","false","2000","14","0.3416666666666667"
"2","0","false","2000","15","0.35"
"5","0","false","2000","16","0.4583333333333333"
"6","0","false","2000","16","0.3416666666666667"
"10","0","false","2000","15","0.3"
"4","0","false","2000","15","0.35833333333333334"
"7","0","false","2000","15","0.3416666666666667"
"1","0","false","2000","18","0.5083333333333333"
"9","0","false","2000","15","0.2916666666666667"
"8","0","false","2000","16","0.375"
"3","0","false","2000","15","0.35833333333333334"
"2","0","false","2000","16","0.35833333333333334"
"5","0","false","2000","17","0.5"
"6","0","false","2000","17","0.39166666666666666"
"1","0","false","2000","19","0.5083333333333333"
"10","0","false","2000","16","0.35833333333333334"
"9","0","false","2000","16","0.3"
"8","0","false","2000","17","0.44166666666666665"
"7","0","false","2000","16","0.38333333333333336"
"4","0","false","2000","16","0.4"
"3","0","false","2000","16","0.375"
"2","0","false","2000","17","0.39166666666666666"
"6","0","false","2000","18","0.425"
"5","0","false","2000","18","0.5166666666666667"
"1","0","false","2000","20","0.5416666666666666"
"10","0","false","2000","17","0.39166666666666666"
"8","0","false","2000","18","0.475"
"7","0","false","2000","17","0.4"
"3","0","false","2000","17","0.4"
"9","0","false","2000","17","0.3333333333333333"
"6","0","false","2000","19","0.425"
"4","0","false","2000","17","0.4083333333333333"
"2","0","false","2000","18","0.45"
"5","0","false","2000","19","0.5416666666666666"
"1","0","false","2000","21","0.5833333333333334"
"8","0","false","2000","19","0.49166666666666664"
"7","0","false","2000","18","0.4083333333333333"
"3","0","false","2000","18","0.4166666666666667"
"10","0","false","2000","18","0.4666666666666667"
"6","0","false","2000","20","0.425"
"2","0","false","2000","19","0.48333333333333334"
"9","0","false","2000","18","0.3416666666666667"
"4","0","false","2000","18","0.4583333333333333"
"5","0","false","2000","20","0.5916666666666667"
"8","0","false","2000","20","0.525"
"1","0","false","2000","22","0.6166666666666667"
"7","0","false","2000","19","0.44166666666666665"
"3","0","false","2000","19","0.425"
"10","0","false","2000","19","0.5166666666666667"
"6","0","false","2000","21","0.4583333333333333"
"2","0","false","2000","20","0.49166666666666664"
"9","0","false","2000","19","0.36666666666666664"
"4","0","false","2000","19","0.475"
"5","0","false","2000","21","0.6083333333333333"
"8","0","false","2000","21","0.575"
"1","0","false","2000","23","0.6833333333333333"
"3","0","false","2000","20","0.4583333333333333"
"2","0","false","2000","21","0.525"
"6","0","false","2000","22","0.48333333333333334"
"10","0","false","2000","20","0.55"
"7","0","false","2000","20","0.4583333333333333"
"9","0","false","2000","20","0.425"
"5","0","false","2000","22","0.6916666666666667"
"8","0","false","2000","22","0.6083333333333333"
"4","0","false","2000","20","0.5"
"1","0","false","2000","24","0.75"
"3","0","false","2000","21","0.525"
"2","0","false","2000","22","0.5583333333333333"
"10","0","false","2000","21","0.6"
"7","0","false","2000","21","0.49166666666666664"
"6","0","false","2000","23","0.5166666666666667"
"9","0","false","2000","21","0.4583333333333333"
"5","0","false","2000","23","0.725"
"8","0","false","2000","23","0.6416666666666667"
"4","0","false","2000","21","0.5166666666666667"
"2","0","false","2000","23","0.625"
"1","0","false","2000","25","0.7916666666666666"
"3","0","false","2000","22","0.55"
"7","0","false","2000","22","0.5166666666666667"
"6","0","false","2000","24","0.5416666666666666"
"10","0","false","2000","22","0.625"
"5","0","false","2000","24","0.7583333333333333"
"8","0","false","2000","24","0.6583333333333333"
"9","0","false","2000","22","0.4666666666666667"
"4","0","false","2000","22","0.575"
"2","0","false","2000","24","0.6666666666666666"
"1","0","false","2000","26","0.8083333333333333"
"3","0","false","2000","23","0.5666666666666667"
"7","0","false","2000","23","0.55"
"6","0","false","2000","25","0.575"
"10","0","false","2000","23","0.6416666666666667"
"5","0","false","2000","25","0.8083333333333333"
"8","0","false","2000","25","0.675"
"9","0","false","2000","23","0.5083333333333333"
"4","0","false","2000","23","0.625"
"2","0","false","2000","25","0.7083333333333334"
"1","0","false","2000","27","0.8916666666666667"
"3","0","false","2000","24","0.6333333333333333"
"6","0","false","2000","26","0.6666666666666666"
"10","0","false","2000","24","0.675"
"7","0","false","2000","24","0.5666666666666667"
"5","0","false","2000","26","0.85"
"8","0","false","2000","26","0.6916666666666667"
"9","0","false","2000","24","0.525"
"2","0","false","2000","26","0.775"
"1","0","false","2000","28","0.9333333333333333"
"10","0","false","2000","25","0.7083333333333334"
"4","0","false","2000","24","0.6583333333333333"
"6","0","false","2000","27","0.725"
"3","0","false","2000","25","0.6916666666666667"
"7","0","false","2000","25","0.5833333333333334"
"9","0","false","2000","25","0.55"
"8","0","false","2000","27","0.7583333333333333"
"2","0","false","2000","27","0.8083333333333333"
"5","0","false","2000","27","0.9"
"1","0","false","2000","29","0.9833333333333333"
"10","0","false","2000","26","0.7333333333333333"
"4","0","false","2000","25","0.7166666666666667"
"3","0","false","2000","26","0.725"
"6","0","false","2000","28","0.7916666666666666"
"7","0","false","2000","26","0.6166666666666667"
"2","0","false","2000","28","0.8666666666666667"
"8","0","false","2000","28","0.8083333333333333"
"9","0","false","2000","26","0.5833333333333334"
"5","0","false","2000","28","0.925"
"1","0","false","2000","30","1.025"
"10","0","false","2000","27","0.7833333333333333"
"4","0","false","2000","26","0.7333333333333333"
"3","0","false","2000","27","0.7916666666666666"
"6","0","false","2000","29","0.8333333333333334"
"2","0","false","2000","29","0.9"
"7","0","false","2000","27","0.675"
"8","0","false","2000","29","0.825"
"9","0","false","2000","27","0.5833333333333334"
"1","0","false","2000","31","1.1"
"10","0","false","2000","28","0.8333333333333334"
"5","0","false","2000","29","1"
"3","0","false","2000","28","0.8333333333333334"
"7","0","false","2000","28","0.7166666666666667"
"6","0","false","2000","30","0.875"
"4","0","false","2000","27","0.7916666666666666"
"2","0","false","2000","30","0.9583333333333334"
"8","0","false","2000","30","0.875"
"9","0","false","2000","28","0.625"
"1","0","false","2000","32","1.2"
"10","0","false","2000","29","0.85"
"5","0","false","2000","30","1.0333333333333334"
"3","0","false","2000","29","0.8583333333333333"
"6","0","false","2000","31","0.9166666666666666"
"7","0","false","2000","29","0.7666666666666667"
"2","0","false","2000","31","1.05"
"8","0","false","2000","31","0.95"
"4","0","false","2000","28","0.825"
"1","0","false","2000","33","1.275"
"10","0","false","2000","30","0.9"
"9","0","false","2000","29","0.65"
"5","0","false","2000","31","1.0666666666666667"
"3","0","false","2000","30","0.8833333333333333"
"6","0","false","2000","32","0.9833333333333333"
"2","0","false","2000","32","1.1333333333333333"
"7","0","false","2000","30","0.8083333333333333"
"8","0","false","2000","32","1"
"4","0","false","2000","29","0.9166666666666666"
"1","0","false","2000","34","1.3333333333333333"
"9","0","false","2000","30","0.7"
"5","0","false","2000","32","1.1416666666666666"
"10","0","false","2000","31","0.95"
"3","0","false","2000","31","0.9083333333333333"
"6","0","false","2000","33","1.0166666666666666"
"7","0","false","2000","31","0.85"
"4","0","false","2000","30","0.9666666666666667"
"1","0","false","2000","35","1.375"
"8","0","false","2000","33","1.0666666666666667"
"2","0","false","2000","33","1.175"
"9","0","false","2000","31","0.7416666666666667"
"5","0","false","2000","33","1.1833333333333333"
"10","0","false","2000","32","0.975"
"3","0","false","2000","32","0.925"
"6","0","false","2000","34","1.075"
"7","0","false","2000","32","0.9166666666666666"
"1","0","false","2000","36","1.425"
"8","0","false","2000","34","1.0833333333333333"
"4","0","false","2000","31","1.0083333333333333"
"2","0","false","2000","34","1.2416666666666667"
"9","0","false","2000","32","0.7833333333333333"
"5","0","false","2000","34","1.2583333333333333"
"6","0","false","2000","35","1.1416666666666666"
"3","0","false","2000","33","0.9916666666666667"
"10","0","false","2000","33","1.0166666666666666"
"1","0","false","2000","37","1.55"
"7","0","false","2000","33","0.9583333333333334"
"4","0","false","2000","32","1.0666666666666667"
"2","0","false","2000","35","1.3333333333333333"
"8","0","false","2000","35","1.1666666666666667"
"5","0","false","2000","35","1.3166666666666667"
"10","0","false","2000","34","1.075"
"6","0","false","2000","36","1.2083333333333333"
"9","0","false","2000","33","0.8"
"3","0","false","2000","34","1.05"
"7","0","false","2000","34","1"
"1","0","false","2000","38","1.65"
"2","0","false","2000","36","1.375"
"5","0","false","2000","36","1.3666666666666667"
"4","0","false","2000","33","1.125"
"8","0","false","2000","36","1.175"
"10","0","false","2000","35","1.1416666666666666"
"1","0","false","2000","39","1.7"
"3","0","false","2000","35","1.0833333333333333"
"7","0","false","2000","35","1.0416666666666667"
"6","0","false","2000","37","1.2666666666666666"
"9","0","false","2000","34","0.8083333333333333"
"2","0","false","2000","37","1.45"
"5","0","false","2000","37","1.4583333333333333"
"4","0","false","2000","34","1.2083333333333333"
"3","0","false","2000","36","1.1583333333333334"
"1","0","false","2000","40","1.7416666666666667"
"8","0","false","2000","37","1.2166666666666666"
"7","0","false","2000","36","1.075"
"6","0","false","2000","38","1.35"
"10","0","false","2000","36","1.1666666666666667"
"2","0","false","2000","38","1.5083333333333333"
"9","0","false","2000","35","0.8666666666666667"
"5","0","false","2000","38","1.5333333333333334"
"4","0","false","2000","35","1.2916666666666667"
"1","0","false","2000","41","1.825"
"3","0","false","2000","37","1.2"
"7","0","false","2000","37","1.1166666666666667"
"8","0","false","2000","38","1.2416666666666667"
"10","0","false","2000","37","1.2333333333333334"
"6","0","false","2000","39","1.4083333333333334"
"2","0","false","2000","39","1.6"
"5","0","false","2000","39","1.6083333333333334"
"9","0","false","2000","36","0.8833333333333333"
"4","0","false","2000","36","1.3666666666666667"
"3","0","false","2000","38","1.2416666666666667"
"1","0","false","2000","42","1.9166666666666667"
"8","0","false","2000","39","1.2916666666666667"
"7","0","false","2000","38","1.2416666666666667"
"10","0","false","2000","38","1.2666666666666666"
"6","0","false","2000","40","1.45"
"2","0","false","2000","40","1.6833333333333333"
"9","0","false","2000","37","0.925"
"5","0","false","2000","40","1.7083333333333333"
"3","0","false","2000","39","1.2666666666666666"
"4","0","false","2000","37","1.4083333333333334"
"1","0","false","2000","43","1.9833333333333334"
"10","0","false","2000","39","1.3666666666666667"
"8","0","false","2000","40","1.3583333333333334"
"7","0","false","2000","39","1.3166666666666667"
"6","0","false","2000","41","1.525"
"5","0","false","2000","41","1.7333333333333334"
"2","0","false","2000","41","1.75"
"9","0","false","2000","38","0.975"
"1","0","false","2000","44","2.0416666666666665"
"3","0","false","2000","40","1.35"
"4","0","false","2000","38","1.4666666666666666"
"10","0","false","2000","40","1.4"
"8","0","false","2000","41","1.4333333333333333"
"6","0","false","2000","42","1.65"
"2","0","false","2000","42","1.8333333333333333"
"7","0","false","2000","40","1.3916666666666666"
"1","0","false","2000","45","2.091666666666667"
"5","0","false","2000","42","1.7833333333333334"
"9","0","false","2000","39","1.0083333333333333"
"3","0","false","2000","41","1.4083333333333334"
"4","0","false","2000","39","1.5333333333333334"
"10","0","false","2000","41","1.475"
"8","0","false","2000","42","1.5166666666666666"
"2","0","false","2000","43","1.9166666666666667"
"7","0","false","2000","41","1.4583333333333333"
"6","0","false","2000","43","1.7333333333333334"
"1","0","false","2000","46","2.158333333333333"
"5","0","false","2000","43","1.8083333333333333"
"9","0","false","2000","40","1.0666666666666667"
"3","0","false","2000","42","1.525"
"4","0","false","2000","40","1.575"
"10","0","false","2000","42","1.5083333333333333"
"2","0","false","2000","44","1.9666666666666666"
"8","0","false","2000","43","1.5916666666666666"
"6","0","false","2000","44","1.8833333333333333"
"7","0","false","2000","42","1.5333333333333334"
"1","0","false","2000","47","2.2333333333333334"
"5","0","false","2000","44","1.8833333333333333"
"3","0","false","2000","43","1.5666666666666667"
"9","0","false","2000","41","1.1166666666666667"
"2","0","false","2000","45","2.033333333333333"
"10","0","false","2000","43","1.5916666666666666"
"7","0","false","2000","43","1.6083333333333334"
"8","0","false","2000","44","1.6666666666666667"
"4","0","false","2000","41","1.6416666666666666"
"6","0","false","2000","45","1.9583333333333333"
"1","0","false","2000","48","2.275"
"3","0","false","2000","44","1.625"
"5","0","false","2000","45","1.9416666666666667"
"9","0","false","2000","42","1.175"
"10","0","false","2000","44","1.6833333333333333"
"2","0","false","2000","46","2.1"
"7","0","false","2000","44","1.6833333333333333"
"6","0","false","2000","46","2"
"4","0","false","2000","42","1.7083333333333333"
"8","0","false","2000","45","1.7166666666666666"
"1","0","false","2000","49","2.341666666666667"
"3","0","false","2000","45","1.7083333333333333"
"5","0","false","2000","46","1.9833333333333334"
"10","0","false","2000","45","1.7916666666666667"
"9","0","false","2000","43","1.25"
"2","0","false","2000","47","2.191666666666667"
"7","0","false","2000","45","1.7583333333333333"
"6","0","false","2000","47","2.0083333333333333"
"8","0","false","2000","46","1.7666666666666666"
"1","0","false","2000","50","2.475"
"4","0","false","2000","43","1.7416666666666667"
"3","0","false","2000","46","1.7916666666666667"
"5","0","false","2000","47","2.0833333333333335"
"10","0","false","2000","46","1.8416666666666666"
"6","0","false","2000","48","2.0833333333333335"
"9","0","false","2000","44","1.3"
"7","0","false","2000","46","1.8166666666666667"
"2","0","false","2000","48","2.2333333333333334"
"1","0","false","2000","51","2.5833333333333335"
"8","0","false","2000","47","1.8583333333333334"
"3","0","false","2000","47","1.85"
"4","0","false","2000","44","1.8166666666666667"
"5","0","false","2000","48","2.15"
"10","0","false","2000","47","1.925"
"6","0","false","2000","49","2.1333333333333333"
"7","0","false","2000","47","1.925"
"2","0","false","2000","49","2.35"
"1","0","false","2000","52","2.6666666666666665"
"9","0","false","2000","45","1.3666666666666667"
"8","0","false","2000","48","1.9583333333333333"
"3","0","false","2000","48","1.9833333333333334"
"4","0","false","2000","45","1.875"
"5","0","false","2000","49","2.2083333333333335"
"6","0","false","2000","50","2.225"
"10","0","false","2000","48","1.975"
"7","0","false","2000","48","1.9833333333333334"
"2","0","false","2000","50","2.433333333333333"
"8","0","false","2000","49","2.0166666666666666"
"1","0","false","2000","53","2.7583333333333333"
"9","0","false","2000","46","1.3916666666666666"
"3","0","false","2000","49","2.058333333333333"
"4","0","false","2000","46","1.9416666666666667"
"6","0","false","2000","51","2.2916666666666665"
"2","0","false","2000","51","2.5"
"10","0","false","2000","49","2.125"
"5","0","false","2000","50","2.2916666666666665"
"7","0","false","2000","49","2.066666666666667"
"1","0","false","2000","54","2.808333333333333"
"8","0","false","2000","50","2.1"
"3","0","false","2000","50","2.1416666666666666"
"9","0","false","2000","47","1.45"
"4","0","false","2000","47","2.025"
"10","0","false","2000","50","2.225"
"2","0","false","2000","52","2.591666666666667"
"6","0","false","2000","52","2.4"
"5","0","false","2000","51","2.3583333333333334"
"7","0","false","2000","50","2.15"
"1","0","false","2000","55","2.8916666666666666"
"3","0","false","2000","51","2.2083333333333335"
"8","0","false","2000","51","2.2"
"9","0","false","2000","48","1.525"
"4","0","false","2000","48","2.091666666666667"
"2","0","false","2000","53","2.683333333333333"
"10","0","false","2000","51","2.3333333333333335"
"5","0","false","2000","52","2.4166666666666665"
"7","0","false","2000","51","2.283333333333333"
"6","0","false","2000","53","2.4916666666666667"
"1","0","false","2000","56","2.966666666666667"
"3","0","false","2000","52","2.308333333333333"
"8","0","false","2000","52","2.2916666666666665"
"4","0","false","2000","49","2.125"
"9","0","false","2000","49","1.6333333333333333"
"2","0","false","2000","54","2.75"
"5","0","false","2000","53","2.4833333333333334"
"1","0","false","2000","57","3.025"
"10","0","false","2000","52","2.3916666666666666"
"7","0","false","2000","52","2.3333333333333335"
"6","0","false","2000","54","2.575"
"3","0","false","2000","53","2.3583333333333334"
"8","0","false","2000","53","2.3583333333333334"
"4","0","false","2000","50","2.216666666666667"
"1","0","false","2000","58","3.0833333333333335"
"9","0","false","2000","50","1.7"
"2","0","false","2000","55","2.816666666666667"
"5","0","false","2000","54","2.525"
"6","0","false","2000","55","2.691666666666667"
"7","0","false","2000","53","2.425"
"10","0","false","2000","53","2.5"
"3","0","false","2000","54","2.4166666666666665"
"8","0","false","2000","54","2.441666666666667"
"4","0","false","2000","51","2.308333333333333"
"1","0","false","2000","59","3.1416666666666666"
"2","0","false","2000","56","2.95"
"9","0","false","2000","51","1.7416666666666667"
"5","0","false","2000","55","2.6"
"6","0","false","2000","56","2.783333333333333"
"7","0","false","2000","54","2.5083333333333333"
"10","0","false","2000","54","2.575"
"3","0","false","2000","55","2.4916666666666667"
"8","0","false","2000","55","2.466666666666667"
"1","0","false","2000","60","3.2416666666666667"
"4","0","false","2000","52","2.3666666666666667"
"2","0","false","2000","57","3.0416666666666665"
"5","0","false","2000","56","2.716666666666667"
"6","0","false","2000","57","2.875"
"9","0","false","2000","52","1.8083333333333333"
"7","0","false","2000","55","2.6333333333333333"
"8","0","false","2000","56","2.6166666666666667"
"10","0","false","2000","55","2.658333333333333"
"3","0","false","2000","56","2.55"
"1","0","false","2000","61","3.2916666666666665"
"4","0","false","2000","53","2.425"
"5","0","false","2000","57","2.75"
"6","0","false","2000","58","2.95"
"2","0","false","2000","58","3.091666666666667"
"7","0","false","2000","56","2.675"
"9","0","false","2000","53","1.8916666666666666"
"8","0","false","2000","57","2.691666666666667"
"3","0","false","2000","57","2.6166666666666667"
"10","0","false","2000","56","2.75"
"1","0","false","2000","62","3.375"
"4","0","false","2000","54","2.466666666666667"
"5","0","false","2000","58","2.8"
"6","0","false","2000","59","3.025"
"7","0","false","2000","57","2.725"
"2","0","false","2000","59","3.1416666666666666"
"1","0","false","2000","63","3.45"
"9","0","false","2000","54","1.975"
"3","0","false","2000","58","2.7333333333333334"
"10","0","false","2000","57","2.8"
"8","0","false","2000","58","2.7333333333333334"
"4","0","false","2000","55","2.55"
"5","0","false","2000","59","2.8666666666666667"
"6","0","false","2000","60","3.1166666666666667"
"7","0","false","2000","58","2.775"
"2","0","false","2000","60","3.2083333333333335"
"3","0","false","2000","59","2.841666666666667"
"10","0","false","2000","58","2.908333333333333"
"1","0","false","2000","64","3.5416666666666665"
"8","0","false","2000","59","2.816666666666667"
"9","0","false","2000","55","2.091666666666667"
"5","0","false","2000","60","2.8833333333333333"
"4","0","false","2000","56","2.6166666666666667"
"6","0","false","2000","61","3.1666666666666665"
"7","0","false","2000","59","2.841666666666667"
"1","0","false","2000","65","3.6"
"2","0","false","2000","61","3.283333333333333"
"3","0","false","2000","60","2.95"
"5","0","false","2000","61","2.95"
"8","0","false","2000","60","2.8833333333333333"
"10","0","false","2000","59","2.9833333333333334"
"4","0","false","2000","57","2.6666666666666665"
"9","0","false","2000","56","2.1416666666666666"
"6","0","false","2000","62","3.183333333333333"
"2","0","false","2000","62","3.3916666666666666"
"7","0","false","2000","60","2.9166666666666665"
"1","0","false","2000","66","3.675"
"3","0","false","2000","61","3"
"5","0","false","2000","62","3.0166666666666666"
"9","0","false","2000","57","2.191666666666667"
"10","0","false","2000","60","3.025"
"8","0","false","2000","61","2.95"
"4","0","false","2000","58","2.7083333333333335"
"6","0","false","2000","63","3.2666666666666666"
"2","0","false","2000","63","3.475"
"7","0","false","2000","61","3"
"1","0","false","2000","67","3.7416666666666667"
"5","0","false","2000","63","3.075"
"3","0","false","2000","62","3.091666666666667"
"8","0","false","2000","62","3.033333333333333"
"6","0","false","2000","64","3.3333333333333335"
"10","0","false","2000","61","3.075"
"4","0","false","2000","59","2.8"
"9","0","false","2000","58","2.2"
"2","0","false","2000","64","3.575"
"5","0","false","2000","64","3.1333333333333333"
"7","0","false","2000","62","3.1"
"3","0","false","2000","63","3.15"
"1","0","false","2000","68","3.7916666666666665"
"6","0","false","2000","65","3.425"
"10","0","false","2000","62","3.1"
"8","0","false","2000","63","3.1416666666666666"
"9","0","false","2000","59","2.2333333333333334"
"4","0","false","2000","60","2.8666666666666667"
"5","0","false","2000","65","3.191666666666667"
"7","0","false","2000","63","3.1416666666666666"
"1","0","false","2000","69","3.825"
"2","0","false","2000","65","3.675"
"6","0","false","2000","66","3.4916666666666667"
"3","0","false","2000","64","3.2083333333333335"
"8","0","false","2000","64","3.2083333333333335"
"9","0","false","2000","60","2.325"
"10","0","false","2000","63","3.1666666666666665"
"4","0","false","2000","61","2.941666666666667"
"5","0","false","2000","66","3.308333333333333"
"1","0","false","2000","70","3.85"
"7","0","false","2000","64","3.183333333333333"
"2","0","false","2000","66","3.75"
"6","0","false","2000","67","3.558333333333333"
"3","0","false","2000","65","3.325"
"8","0","false","2000","65","3.283333333333333"
"9","0","false","2000","61","2.425"
"10","0","false","2000","64","3.2"
"4","0","false","2000","62","2.966666666666667"
"5","0","false","2000","67","3.3666666666666667"
"7","0","false","2000","65","3.216666666666667"
"3","0","false","2000","66","3.3833333333333333"
"8","0","false","2000","66","3.3833333333333333"
"6","0","false","2000","68","3.6416666666666666"
"1","0","false","2000","71","3.8916666666666666"
"2","0","false","2000","67","3.8333333333333335"
"9","0","false","2000","62","2.5083333333333333"
"10","0","false","2000","65","3.2333333333333334"
"5","0","false","2000","68","3.4"
"4","0","false","2000","63","3.075"
"7","0","false","2000","66","3.2583333333333333"
"1","0","false","2000","72","3.9916666666666667"
"3","0","false","2000","67","3.4583333333333335"
"8","0","false","2000","67","3.4583333333333335"
"6","0","false","2000","69","3.7416666666666667"
"2","0","false","2000","68","3.9166666666666665"
"10","0","false","2000","66","3.325"
"9","0","false","2000","63","2.6083333333333334"
"4","0","false","2000","64","3.1416666666666666"
"5","0","false","2000","69","3.45"
"7","0","false","2000","67","3.283333333333333"
"8","0","false","2000","68","3.533333333333333"
"1","0","false","2000","73","4.066666666666666"
"6","0","false","2000","70","3.775"
"10","0","false","2000","67","3.433333333333333"
"3","0","false","2000","68","3.5166666666666666"
"9","0","false","2000","64","2.716666666666667"
"2","0","false","2000","69","3.9833333333333334"
"4","0","false","2000","65","3.191666666666667"
"5","0","false","2000","70","3.5083333333333333"
"1","0","false","2000","74","4.133333333333334"
"10","0","false","2000","68","3.5083333333333333"
"8","0","false","2000","69","3.5833333333333335"
"7","0","false","2000","68","3.3333333333333335"
"6","0","false","2000","71","3.8333333333333335"
"3","0","false","2000","69","3.5833333333333335"
"2","0","false","2000","70","4.033333333333333"
"9","0","false","2000","65","2.7666666666666666"
"4","0","false","2000","66","3.283333333333333"
"1","0","false","2000","75","4.15"
"10","0","false","2000","69","3.55"
"5","0","false","2000","71","3.575"
"8","0","false","2000","70","3.625"
"7","0","false","2000","69","3.375"
"6","0","false","2000","72","3.841666666666667"
"2","0","false","2000","71","4.141666666666667"
"3","0","false","2000","70","3.675"
"9","0","false","2000","66","2.808333333333333"
"1","0","false","2000","76","4.216666666666667"
"10","0","false","2000","70","3.6416666666666666"
"4","0","false","2000","67","3.341666666666667"
"8","0","false","2000","71","3.683333333333333"
"5","0","false","2000","72","3.6166666666666667"
"7","0","false","2000","70","3.475"
"6","0","false","2000","73","3.875"
"2","0","false","2000","72","4.191666666666666"
"9","0","false","2000","67","2.8333333333333335"
"3","0","false","2000","71","3.7083333333333335"
"1","0","false","2000","77","4.266666666666667"
"10","0","false","2000","71","3.7333333333333334"
"8","0","false","2000","72","3.7333333333333334"
"4","0","false","2000","68","3.408333333333333"
"6","0","false","2000","74","3.933333333333333"
"5","0","false","2000","73","3.675"
"7","0","false","2000","71","3.533333333333333"
"2","0","false","2000","73","4.25"
"9","0","false","2000","68","2.908333333333333"
"3","0","false","2000","72","3.783333333333333"
"10","0","false","2000","72","3.816666666666667"
"8","0","false","2000","73","3.7916666666666665"
"1","0","false","2000","78","4.308333333333334"
"4","0","false","2000","69","3.45"
"5","0","false","2000","74","3.7083333333333335"
"6","0","false","2000","75","3.9916666666666667"
"7","0","false","2000","72","3.6083333333333334"
"2","0","false","2000","74","4.316666666666666"
"9","0","false","2000","69","3.0166666666666666"
"10","0","false","2000","73","3.875"
"3","0","false","2000","73","3.841666666666667"
"1","0","false","2000","79","4.35"
"8","0","false","2000","74","3.841666666666667"
"4","0","false","2000","70","3.533333333333333"
"7","0","false","2000","73","3.65"
"5","0","false","2000","75","3.7583333333333333"
"6","0","false","2000","76","4.041666666666667"
"2","0","false","2000","75","4.416666666666667"
"9","0","false","2000","70","3.058333333333333"
"3","0","false","2000","74","3.8916666666666666"
"8","0","false","2000","75","3.925"
"1","0","false","2000","80","4.408333333333333"
"10","0","false","2000","74","3.933333333333333"
"4","0","false","2000","71","3.625"
"7","0","false","2000","74","3.691666666666667"
"6","0","false","2000","77","4.083333333333333"
"5","0","false","2000","76","3.7916666666666665"
"2","0","false","2000","76","4.45"
"9","0","false","2000","71","3.1416666666666666"
"3","0","false","2000","75","3.975"
"1","0","false","2000","81","4.441666666666666"
"8","0","false","2000","76","4"
"10","0","false","2000","75","3.95"
"4","0","false","2000","72","3.658333333333333"
"7","0","false","2000","75","3.725"
"6","0","false","2000","78","4.116666666666666"
"5","0","false","2000","77","3.841666666666667"
"2","0","false","2000","77","4.475"
"1","0","false","2000","82","4.475"
"9","0","false","2000","72","3.2"
"10","0","false","2000","76","3.9916666666666667"
"8","0","false","2000","77","4.066666666666666"
"3","0","false","2000","76","4.008333333333334"
"4","0","false","2000","73","3.683333333333333"
"2","0","false","2000","78","4.566666666666666"
"5","0","false","2000","78","3.8666666666666667"
"7","0","false","2000","76","3.7583333333333333"
"6","0","false","2000","79","4.15"
"1","0","false","2000","83","4.516666666666667"
"8","0","false","2000","78","4.141666666666667"
"9","0","false","2000","73","3.25"
"3","0","false","2000","77","4.075"
"10","0","false","2000","77","4.05"
"4","0","false","2000","74","3.7083333333333335"
"6","0","false","2000","80","4.183333333333334"
"5","0","false","2000","79","3.925"
"7","0","false","2000","77","3.808333333333333"
"2","0","false","2000","79","4.616666666666666"
"1","0","false","2000","84","4.583333333333333"
"8","0","false","2000","79","4.208333333333333"
"9","0","false","2000","74","3.375"
"10","0","false","2000","78","4.091666666666667"
"4","0","false","2000","75","3.7333333333333334"
"3","0","false","2000","78","4.116666666666666"
"2","0","false","2000","80","4.683333333333334"
"6","0","false","2000","81","4.216666666666667"
"5","0","false","2000","80","3.975"
"7","0","false","2000","78","3.8333333333333335"
"1","0","false","2000","85","4.633333333333334"
"10","0","false","2000","79","4.141666666666667"
"9","0","false","2000","75","3.4166666666666665"
"8","0","false","2000","80","4.233333333333333"
"3","0","false","2000","79","4.158333333333333"
"4","0","false","2000","76","3.808333333333333"
"2","0","false","2000","81","4.733333333333333"
"5","0","false","2000","81","4"
"7","0","false","2000","79","3.8833333333333333"
"1","0","false","2000","86","4.683333333333334"
"6","0","false","2000","82","4.258333333333334"
"10","0","false","2000","80","4.191666666666666"
"8","0","false","2000","81","4.266666666666667"
"9","0","false","2000","76","3.45"
"3","0","false","2000","80","4.208333333333333"
"4","0","false","2000","77","3.85"
"2","0","false","2000","82","4.75"
"6","0","false","2000","83","4.308333333333334"
"5","0","false","2000","82","4.041666666666667"
"10","0","false","2000","81","4.233333333333333"
"1","0","false","2000","87","4.708333333333333"
"7","0","false","2000","80","3.933333333333333"
"8","0","false","2000","82","4.3"
"4","0","false","2000","78","3.9166666666666665"
"3","0","false","2000","81","4.208333333333333"
"9","0","false","2000","77","3.5"
"2","0","false","2000","83","4.775"
"6","0","false","2000","84","4.325"
"10","0","false","2000","82","4.25"
"5","0","false","2000","83","4.075"
"7","0","false","2000","81","3.966666666666667"
"1","0","false","2000","88","4.775"
"8","0","false","2000","83","4.366666666666666"
"9","0","false","2000","78","3.575"
"4","0","false","2000","79","3.966666666666667"
"2","0","false","2000","84","4.825"
"6","0","false","2000","85","4.383333333333334"
"3","0","false","2000","82","4.258333333333334"
"5","0","false","2000","84","4.116666666666666"
"10","0","false","2000","83","4.308333333333334"
"7","0","false","2000","82","4.008333333333334"
"8","0","false","2000","84","4.408333333333333"
"1","0","false","2000","89","4.783333333333333"
"9","0","false","2000","79","3.675"
"2","0","false","2000","85","4.858333333333333"
"6","0","false","2000","86","4.408333333333333"
"4","0","false","2000","80","3.9833333333333334"
"3","0","false","2000","83","4.316666666666666"
"5","0","false","2000","85","4.175"
"10","0","false","2000","84","4.341666666666667"
"1","0","false","2000","90","4.816666666666666"
"8","0","false","2000","85","4.441666666666666"
"7","0","false","2000","83","4.05"
"9","0","false","2000","80","3.691666666666667"
"6","0","false","2000","87","4.433333333333334"
"2","0","false","2000","86","4.933333333333334"
"3","0","false","2000","84","4.341666666666667"
"4","0","false","2000","81","4.025"
"5","0","false","2000","86","4.225"
"10","0","false","2000","85","4.383333333333334"
"1","0","false","2000","91","4.833333333333333"
"8","0","false","2000","86","4.483333333333333"
"7","0","false","2000","84","4.1"
"9","0","false","2000","81","3.7333333333333334"
"6","0","false","2000","88","4.483333333333333"
"3","0","false","2000","85","4.4"
"4","0","false","2000","82","4.091666666666667"
"5","0","false","2000","87","4.291666666666667"
"2","0","false","2000","87","4.966666666666667"
"10","0","false","2000","86","4.408333333333333"
"1","0","false","2000","92","4.85"
"7","0","false","2000","85","4.15"
"8","0","false","2000","87","4.525"
"6","0","false","2000","89","4.541666666666667"
"4","0","false","2000","83","4.158333333333333"
"9","0","false","2000","82","3.75"
"2","0","false","2000","88","4.983333333333333"
"3","0","false","2000","86","4.416666666666667"
"10","0","false","2000","87","4.433333333333334"
"5","0","false","2000","88","4.333333333333333"
"1","0","false","2000","93","4.891666666666667"
"8","0","false","2000","88","4.55"
"7","0","false","2000","86","4.183333333333334"
"6","0","false","2000","90","4.591666666666667"
"3","0","false","2000","87","4.458333333333333"
"4","0","false","2000","84","4.225"
"9","0","false","2000","83","3.808333333333333"
"1","0","false","2000","94","4.916666666666667"
"5","0","false","2000","89","4.358333333333333"
"2","0","false","2000","89","5"
"10","0","false","2000","88","4.475"
"8","0","false","2000","89","4.566666666666666"
"7","0","false","2000","87","4.225"
"6","0","false","2000","91","4.616666666666666"
"4","0","false","2000","85","4.233333333333333"
"9","0","false","2000","84","3.8583333333333334"
"3","0","false","2000","88","4.516666666666667"
"1","0","false","2000","95","4.941666666666666"
"10","0","false","2000","89","4.5"
"2","0","false","2000","90","5.05"
"5","0","false","2000","90","4.408333333333333"
"8","0","false","2000","90","4.608333333333333"
"7","0","false","2000","88","4.241666666666666"
"6","0","false","2000","92","4.633333333333334"
"4","0","false","2000","86","4.275"
"9","0","false","2000","85","3.8916666666666666"
"10","0","false","2000","90","4.55"
"1","0","false","2000","96","4.95"
"5","0","false","2000","91","4.433333333333334"
"2","0","false","2000","91","5.066666666666666"
"3","0","false","2000","89","4.541666666666667"
"8","0","false","2000","91","4.641666666666667"
"7","0","false","2000","89","4.258333333333334"
"6","0","false","2000","93","4.658333333333333"
"4","0","false","2000","87","4.3"
"10","0","false","2000","91","4.583333333333333"
"9","0","false","2000","86","3.925"
"1","0","false","2000","97","4.966666666666667"
"5","0","false","2000","92","4.458333333333333"
"3","0","false","2000","90","4.55"
"2","0","false","2000","92","5.091666666666667"
"8","0","false","2000","92","4.691666666666666"
"6","0","false","2000","94","4.7"
"7","0","false","2000","90","4.266666666666667"
"10","0","false","2000","92","4.625"
"1","0","false","2000","98","4.975"
"9","0","false","2000","87","3.975"
"4","0","false","2000","88","4.316666666666666"
"3","0","false","2000","91","4.575"
"5","0","false","2000","93","4.491666666666666"
"2","0","false","2000","93","5.1"
"8","0","false","2000","93","4.741666666666666"
"6","0","false","2000","95","4.733333333333333"
"7","0","false","2000","91","4.3"
"10","0","false","2000","93","4.683333333333334"
"9","0","false","2000","88","4.033333333333333"
"4","0","false","2000","89","4.35"
"1","0","false","2000","99","5.016666666666667"
"3","0","false","2000","92","4.6"
"5","0","false","2000","94","4.533333333333333"
"2","0","false","2000","94","5.15"
"8","0","false","2000","94","4.766666666666667"
"6","0","false","2000","96","4.75"
"9","0","false","2000","89","4.1"
"4","0","false","2000","90","4.375"
"7","0","false","2000","92","4.316666666666666"
"1","0","false","2000","100","5.033333333333333"
"10","0","false","2000","94","4.716666666666667"
"3","0","false","2000","93","4.625"
"5","0","false","2000","95","4.566666666666666"
"8","0","false","2000","95","4.8"
"2","0","false","2000","95","5.166666666666667"
"9","0","false","2000","90","4.15"
"6","0","false","2000","97","4.783333333333333"
"10","0","false","2000","95","4.741666666666666"
"1","0","false","2000","101","5.05"
"4","0","false","2000","91","4.391666666666667"
"7","0","false","2000","93","4.325"
"3","0","false","2000","94","4.666666666666667"
"5","0","false","2000","96","4.566666666666666"
"8","0","false","2000","96","4.808333333333334"
"2","0","false","2000","96","5.183333333333334"
"6","0","false","2000","98","4.808333333333334"
"9","0","false","2000","91","4.191666666666666"
"1","0","false","2000","102","5.108333333333333"
"4","0","false","2000","92","4.45"
"7","0","false","2000","94","4.333333333333333"
"10","0","false","2000","96","4.783333333333333"
"3","0","false","2000","95","4.7"
"8","0","false","2000","97","4.825"
"2","0","false","2000","97","5.233333333333333"
"5","0","false","2000","97","4.6"
"6","0","false","2000","99","4.841666666666667"
"1","0","false","2000","103","5.158333333333333"
"9","0","false","2000","92","4.225"
"7","0","false","2000","95","4.375"
"4","0","false","2000","93","4.5"
"10","0","false","2000","97","4.791666666666667"
"3","0","false","2000","96","4.766666666666667"
"5","0","false","2000","98","4.633333333333334"
"2","0","false","2000","98","5.266666666666667"
"8","0","false","2000","98","4.833333333333333"
"9","0","false","2000","93","4.241666666666666"
"6","0","false","2000","100","4.875"
"10","0","false","2000","98","4.825"
"7","0","false","2000","96","4.383333333333334"
"1","0","false","2000","104","5.175"
"4","0","false","2000","94","4.566666666666666"
"3","0","false","2000","97","4.775"
"2","0","false","2000","99","5.266666666666667"
"5","0","false","2000","99","4.683333333333334"
"8","0","false","2000","99","4.841666666666667"
"9","0","false","2000","94","4.258333333333334"
"6","0","false","2000","101","4.875"
"10","0","false","2000","99","4.833333333333333"
"3","0","false","2000","98","4.8"
"7","0","false","2000","97","4.408333333333333"
"1","0","false","2000","105","5.208333333333333"
"4","0","false","2000","95","4.6"
"2","0","false","2000","100","5.308333333333334"
"8","0","false","2000","100","4.866666666666666"
"5","0","false","2000","100","4.691666666666666"
"9","0","false","2000","95","4.291666666666667"
"10","0","false","2000","100","4.866666666666666"
"6","0","false","2000","102","4.908333333333333"
"1","0","false","2000","106","5.216666666666667"
"3","0","false","2000","99","4.825"
"7","0","false","2000","98","4.425"
"4","0","false","2000","96","4.641666666666667"
"2","0","false","2000","101","5.325"
"8","0","false","2000","101","4.883333333333334"
"5","0","false","2000","101","4.725"
"9","0","false","2000","96","4.325"
"10","0","false","2000","101","4.883333333333334"
"6","0","false","2000","103","4.925"
"1","0","false","2000","107","5.258333333333334"
"3","0","false","2000","100","4.841666666666667"
"7","0","false","2000","99","4.425"
"4","0","false","2000","97","4.658333333333333"
"2","0","false","2000","102","5.358333333333333"
"8","0","false","2000","102","4.883333333333334"
"5","0","false","2000","102","4.75"
"9","0","false","2000","97","4.358333333333333"
"10","0","false","2000","102","4.891666666666667"
"1","0","false","2000","108","5.275"
"7","0","false","2000","100","4.433333333333334"
"3","0","false","2000","101","4.866666666666666"
"4","0","false","2000","98","4.683333333333334"
"6","0","false","2000","104","4.95"
"2","0","false","2000","103","5.383333333333334"
"9","0","false","2000","98","4.383333333333334"
"8","0","false","2000","103","4.941666666666666"
"10","0","false","2000","103","4.916666666666667"
"5","0","false","2000","103","4.783333333333333"
"7","0","false","2000","101","4.441666666666666"
"1","0","false","2000","109","5.325"
"3","0","false","2000","102","4.883333333333334"
"4","0","false","2000","99","4.75"
"2","0","false","2000","104","5.391666666666667"
"6","0","false","2000","105","4.983333333333333"
"9","0","false","2000","99","4.425"
"10","0","false","2000","104","4.933333333333334"
"5","0","false","2000","104","4.816666666666666"
"8","0","false","2000","104","4.941666666666666"
"7","0","false","2000","102","4.508333333333334"
"4","0","false","2000","100","4.8"
"1","0","false","2000","110","5.366666666666666"
"3","0","false","2000","103","4.916666666666667"
"9","0","false","2000","100","4.45"
"6","0","false","2000","106","5.016666666666667"
"2","0","false","2000","105","5.416666666666667"
"10","0","false","2000","105","4.958333333333333"
"5","0","false","2000","105","4.841666666666667"
"7","0","false","2000","103","4.533333333333333"
"8","0","false","2000","105","4.958333333333333"
"1","0","false","2000","111","5.4"
"4","0","false","2000","101","4.816666666666666"
"9","0","false","2000","101","4.491666666666666"
"3","0","false","2000","104","4.95"
"10","0","false","2000","106","4.991666666666666"
"2","0","false","2000","106","5.45"
"6","0","false","2000","107","5.041666666666667"
"7","0","false","2000","104","4.558333333333334"
"5","0","false","2000","106","4.866666666666666"
"8","0","false","2000","106","4.966666666666667"
"1","0","false","2000","112","5.425"
"4","0","false","2000","102","4.841666666666667"
"9","0","false","2000","102","4.516666666666667"
"3","0","false","2000","105","4.966666666666667"
"2","0","false","2000","107","5.466666666666667"
"10","0","false","2000","107","5.016666666666667"
"6","0","false","2000","108","5.058333333333334"
"7","0","false","2000","105","4.6"
"5","0","false","2000","107","4.866666666666666"
"8","0","false","2000","107","4.991666666666666"
"1","0","false","2000","113","5.458333333333333"
"4","0","false","2000","103","4.866666666666666"
"3","0","false","2000","106","4.991666666666666"
"9","0","false","2000","103","4.533333333333333"
"6","0","false","2000","109","5.1"
"2","0","false","2000","108","5.475"
"10","0","false","2000","108","5.025"
"1","0","false","2000","114","5.475"
"8","0","false","2000","108","5"
"7","0","false","2000","106","4.633333333333334"
"5","0","false","2000","108","4.9"
"9","0","false","2000","104","4.558333333333334"
"3","0","false","2000","107","5.016666666666667"
"4","0","false","2000","104","4.9"
"6","0","false","2000","110","5.133333333333334"
"10","0","false","2000","109","5.05"
"2","0","false","2000","109","5.5"
"8","0","false","2000","109","5.016666666666667"
"7","0","false","2000","107","4.675"
"1","0","false","2000","115","5.533333333333333"
"5","0","false","2000","109","4.925"
"9","0","false","2000","105","4.6"
"4","0","false","2000","105","4.933333333333334"
"3","0","false","2000","108","5.025"
"6","0","false","2000","111","5.158333333333333"
"10","0","false","2000","110","5.075"
"1","0","false","2000","116","5.583333333333333"
"2","0","false","2000","110","5.541666666666667"
"5","0","false","2000","110","4.958333333333333"
"7","0","false","2000","108","4.716666666666667"
"9","0","false","2000","106","4.608333333333333"
"8","0","false","2000","110","5.033333333333333"
"3","0","false","2000","109","5.033333333333333"
"4","0","false","2000","106","4.95"
"6","0","false","2000","112","5.183333333333334"
"2","0","false","2000","111","5.575"
"10","0","false","2000","111","5.108333333333333"
"1","0","false","2000","117","5.6"
"9","0","false","2000","107","4.641666666666667"
"7","0","false","2000","109","4.725"
"5","0","false","2000","111","4.958333333333333"
"8","0","false","2000","111","5.058333333333334"
"3","0","false","2000","110","5.058333333333334"
"4","0","false","2000","107","4.966666666666667"
"2","0","false","2000","112","5.583333333333333"
"1","0","false","2000","118","5.625"
"6","0","false","2000","113","5.183333333333334"
"10","0","false","2000","112","5.116666666666666"
"9","0","false","2000","108","4.641666666666667"
"7","0","false","2000","110","4.75"
"5","0","false","2000","112","4.975"
"8","0","false","2000","112","5.058333333333334"
"4","0","false","2000","108","5.008333333333334"
"3","0","false","2000","111","5.075"
"2","0","false","2000","113","5.591666666666667"
"6","0","false","2000","114","5.216666666666667"
"1","0","false","2000","119","5.633333333333334"
"10","0","false","2000","113","5.141666666666667"
"4","0","false","2000","109","5.033333333333333"
"9","0","false","2000","109","4.666666666666667"
"5","0","false","2000","113","5.008333333333334"
"3","0","false","2000","112","5.091666666666667"
"8","0","false","2000","113","5.091666666666667"
"7","0","false","2000","111","4.791666666666667"
"2","0","false","2000","114","5.608333333333333"
"1","0","false","2000","120","5.658333333333333"
"6","0","false","2000","115","5.225"
"4","0","false","2000","110","5.05"
"9","0","false","2000","110","4.708333333333333"
"10","0","false","2000","114","5.166666666666667"
"8","0","false","2000","114","5.125"
"5","0","false","2000","114","5.016666666666667"
"7","0","false","2000","112","4.8"
"3","0","false","2000","113","5.133333333333334"
"2","0","false","2000","115","5.633333333333334"
"6","0","false","2000","116","5.258333333333334"
"1","0","false","2000","121","5.683333333333334"
"4","0","false","2000","111","5.058333333333334"
"9","0","false","2000","111","4.725"
"10","0","false","2000","115","5.191666666666666"
"7","0","false","2000","113","4.833333333333333"
"8","0","false","2000","115","5.158333333333333"
"3","0","false","2000","114","5.158333333333333"
"5","0","false","2000","115","5.033333333333333"
"6","0","false","2000","117","5.266666666666667"
"2","0","false","2000","116","5.641666666666667"
"1","0","false","2000","122","5.725"
"9","0","false","2000","112","4.783333333333333"
"4","0","false","2000","112","5.083333333333333"
"7","0","false","2000","114","4.866666666666666"
"10","0","false","2000","116","5.208333333333333"
"5","0","false","2000","116","5.058333333333334"
"3","0","false","2000","115","5.183333333333334"
"8","0","false","2000","116","5.183333333333334"
"6","0","false","2000","118","5.291666666666667"
"2","0","false","2000","117","5.7"
"1","0","false","2000","123","5.75"
"9","0","false","2000","113","4.8"
"7","0","false","2000","115","4.916666666666667"
"4","0","false","2000","113","5.1"
"5","0","false","2000","117","5.083333333333333"
"10","0","false","2000","117","5.233333333333333"
"3","0","false","2000","116","5.183333333333334"
"8","0","false","2000","117","5.225"
"6","0","false","2000","119","5.3"
"2","0","false","2000","118","5.741666666666666"
"1","0","false","2000","124","5.783333333333333"
"5","0","false","2000","118","5.116666666666666"
"10","0","false","2000","118","5.25"
"7","0","false","2000","116","4.95"
"4","0","false","2000","114","5.125"
"9","0","false","2000","114","4.825"
"3","0","false","2000","117","5.241666666666666"
"8","0","false","2000","118","5.275"
"2","0","false","2000","119","5.766666666666667"
"6","0","false","2000","120","5.308333333333334"
"5","0","false","2000","119","5.158333333333333"
"1","0","false","2000","125","5.816666666666666"
"4","0","false","2000","115","5.141666666666667"
"7","0","false","2000","117","4.975"
"10","0","false","2000","119","5.291666666666667"
"8","0","false","2000","119","5.291666666666667"
"9","0","false","2000","115","4.841666666666667"
"3","0","false","2000","118","5.25"
"6","0","false","2000","121","5.341666666666667"
"5","0","false","2000","120","5.191666666666666"
"2","0","false","2000","120","5.841666666666667"
"1","0","false","2000","126","5.841666666666667"
"7","0","false","2000","118","4.975"
"4","0","false","2000","116","5.166666666666667"
"10","0","false","2000","120","5.316666666666666"
"8","0","false","2000","120","5.308333333333334"
"9","0","false","2000","116","4.858333333333333"
"3","0","false","2000","119","5.283333333333333"
"6","0","false","2000","122","5.383333333333334"
"2","0","false","2000","121","5.866666666666666"
"5","0","false","2000","121","5.25"
"1","0","false","2000","127","5.875"
"7","0","false","2000","119","5.025"
"4","0","false","2000","117","5.191666666666666"
"8","0","false","2000","121","5.325"
"10","0","false","2000","121","5.333333333333333"
"9","0","false","2000","117","4.908333333333333"
"2","0","false","2000","122","5.925"
"3","0","false","2000","120","5.283333333333333"
"5","0","false","2000","122","5.258333333333334"
"6","0","false","2000","123","5.4"
"1","0","false","2000","128","5.9"
"7","0","false","2000","120","5.041666666666667"
"4","0","false","2000","118","5.216666666666667"
"9","0","false","2000","118","4.933333333333334"
"10","0","false","2000","122","5.341666666666667"
"8","0","false","2000","122","5.383333333333334"
"3","0","false","2000","121","5.308333333333334"
"2","0","false","2000","123","5.941666666666666"
"5","0","false","2000","123","5.316666666666666"
"6","0","false","2000","124","5.408333333333333"
"7","0","false","2000","121","5.05"
"1","0","false","2000","129","5.916666666666667"
"8","0","false","2000","123","5.408333333333333"
"9","0","false","2000","119","4.958333333333333"
"4","0","false","2000","119","5.233333333333333"
"10","0","false","2000","123","5.358333333333333"
"3","0","false","2000","122","5.341666666666667"
"2","0","false","2000","124","5.966666666666667"
"5","0","false","2000","124","5.325"
"7","0","false","2000","122","5.066666666666666"
"1","0","false","2000","130","5.95"
"6","0","false","2000","125","5.425"
"8","0","false","2000","124","5.433333333333334"
"4","0","false","2000","120","5.266666666666667"
"9","0","false","2000","120","5.008333333333334"
"10","0","false","2000","124","5.375"
"2","0","false","2000","125","5.991666666666666"
"3","0","false","2000","123","5.375"
"5","0","false","2000","125","5.333333333333333"
"1","0","false","2000","131","5.958333333333333"
"6","0","false","2000","126","5.45"
"7","0","false","2000","123","5.075"
"8","0","false","2000","125","5.441666666666666"
"4","0","false","2000","121","5.308333333333334"
"9","0","false","2000","121","5.025"
"10","0","false","2000","125","5.4"
"2","0","false","2000","126","6.025"
"3","0","false","2000","124","5.375"
"5","0","false","2000","126","5.358333333333333"
"1","0","false","2000","132","5.966666666666667"
"7","0","false","2000","124","5.083333333333333"
"6","0","false","2000","127","5.466666666666667"
"8","0","false","2000","126","5.441666666666666"
"4","0","false","2000","122","5.333333333333333"
"10","0","false","2000","126","5.425"
"9","0","false","2000","122","5.041666666666667"
"2","0","false","2000","127","6.041666666666667"
"3","0","false","2000","125","5.391666666666667"
"5","0","false","2000","127","5.366666666666666"
"1","0","false","2000","133","6"
"7","0","false","2000","125","5.116666666666666"
"6","0","false","2000","128","5.491666666666666"
"4","0","false","2000","123","5.35"
"8","0","false","2000","127","5.458333333333333"
"10","0","false","2000","127","5.458333333333333"
"2","0","false","2000","128","6.066666666666666"
"9","0","false","2000","123","5.083333333333333"
"5","0","false","2000","128","5.375"
"1","0","false","2000","134","6.041666666666667"
"3","0","false","2000","126","5.416666666666667"
"7","0","false","2000","126","5.133333333333334"
"4","0","false","2000","124","5.375"
"6","0","false","2000","129","5.525"
"10","0","false","2000","128","5.483333333333333"
"9","0","false","2000","124","5.1"
"8","0","false","2000","128","5.466666666666667"
"1","0","false","2000","135","6.091666666666667"
"2","0","false","2000","129","6.091666666666667"
"5","0","false","2000","129","5.391666666666667"
"3","0","false","2000","127","5.433333333333334"
"4","0","false","2000","125","5.391666666666667"
"7","0","false","2000","127","5.166666666666667"
"6","0","false","2000","130","5.525"
"9","0","false","2000","125","5.15"
"1","0","false","2000","136","6.133333333333334"
"10","0","false","2000","129","5.491666666666666"
"8","0","false","2000","129","5.491666666666666"
"2","0","false","2000","130","6.1"
"5","0","false","2000","130","5.416666666666667"
"3","0","false","2000","128","5.466666666666667"
"7","0","false","2000","128","5.183333333333334"
"4","0","false","2000","126","5.408333333333333"
"9","0","false","2000","126","5.175"
"6","0","false","2000","131","5.541666666666667"
"8","0","false","2000","130","5.533333333333333"
"1","0","false","2000","137","6.175"
"10","0","false","2000","130","5.508333333333334"
"2","0","false","2000","131","6.133333333333334"
"5","0","false","2000","131","5.425"
"3","0","false","2000","129","5.483333333333333"
"7","0","false","2000","129","5.208333333333333"
"4","0","false","2000","127","5.425"
"9","0","false","2000","127","5.2"
"6","0","false","2000","132","5.6"
"10","0","false","2000","131","5.533333333333333"
"8","0","false","2000","131","5.55"
"5","0","false","2000","132","5.475"
"1","0","false","2000","138","6.191666666666666"
"2","0","false","2000","132","6.15"
"3","0","false","2000","130","5.5"
"7","0","false","2000","130","5.233333333333333"
"4","0","false","2000","128","5.45"
"9","0","false","2000","128","5.233333333333333"
"8","0","false","2000","132","5.575"
"5","0","false","2000","133","5.475"
"10","0","false","2000","132","5.558333333333334"
"1","0","false","2000","139","6.2"
"6","0","false","2000","133","5.65"
"2","0","false","2000","133","6.166666666666667"
"3","0","false","2000","131","5.516666666666667"
"9","0","false","2000","129","5.275"
"7","0","false","2000","131","5.275"
"8","0","false","2000","133","5.591666666666667"
"1","0","false","2000","140","6.225"
"5","0","false","2000","134","5.516666666666667"
"4","0","false","2000","129","5.466666666666667"
"10","0","false","2000","133","5.583333333333333"
"2","0","false","2000","134","6.208333333333333"
"6","0","false","2000","134","5.666666666666667"
"9","0","false","2000","130","5.316666666666666"
"3","0","false","2000","132","5.525"
"7","0","false","2000","132","5.275"
"1","0","false","2000","141","6.25"
"8","0","false","2000","134","5.616666666666666"
"5","0","false","2000","135","5.558333333333334"
"10","0","false","2000","134","5.633333333333334"
"2","0","false","2000","135","6.241666666666666"
"4","0","false","2000","130","5.475"
"6","0","false","2000","135","5.675"
"9","0","false","2000","131","5.325"
"1","0","false","2000","142","6.3"
"3","0","false","2000","133","5.541666666666667"
"5","0","false","2000","136","5.558333333333334"
"7","0","false","2000","133","5.291666666666667"
"8","0","false","2000","135","5.625"
"2","0","false","2000","136","6.258333333333334"
"10","0","false","2000","135","5.658333333333333"
"4","0","false","2000","131","5.491666666666666"
"6","0","false","2000","136","5.708333333333333"
"9","0","false","2000","132","5.341666666666667"
"1","0","false","2000","143","6.333333333333333"
"3","0","false","2000","134","5.575"
"7","0","false","2000","134","5.325"
"5","0","false","2000","137","5.6"
"8","0","false","2000","136","5.641666666666667"
"10","0","false","2000","136","5.658333333333333"
"2","0","false","2000","137","6.258333333333334"
"4","0","false","2000","132","5.525"
"9","0","false","2000","133","5.383333333333334"
"6","0","false","2000","137","5.716666666666667"
"1","0","false","2000","144","6.391666666666667"
"3","0","false","2000","135","5.591666666666667"
"7","0","false","2000","135","5.366666666666666"
"5","0","false","2000","138","5.65"
"4","0","false","2000","133","5.541666666666667"
"2","0","false","2000","138","6.266666666666667"
"8","0","false","2000","137","5.666666666666667"
"9","0","false","2000","134","5.408333333333333"
"1","0","false","2000","145","6.4"
"10","0","false","2000","137","5.691666666666666"
"6","0","false","2000","138","5.725"
"3","0","false","2000","136","5.591666666666667"
"5","0","false","2000","139","5.666666666666667"
"7","0","false","2000","136","5.4"
"4","0","false","2000","134","5.575"
"2","0","false","2000","139","6.275"
"1","0","false","2000","146","6.425"
"8","0","false","2000","138","5.683333333333334"
"6","0","false","2000","139","5.75"
"9","0","false","2000","135","5.425"
"10","0","false","2000","138","5.7"
"5","0","false","2000","140","5.7"
"3","0","false","2000","137","5.641666666666667"
"7","0","false","2000","137","5.425"
"2","0","false","2000","140","6.316666666666666"
"4","0","false","2000","135","5.6"
"8","0","false","2000","139","5.725"
"1","0","false","2000","147","6.458333333333333"
"6","0","false","2000","140","5.791666666666667"
"9","0","false","2000","136","5.433333333333334"
"10","0","false","2000","139","5.708333333333333"
"3","0","false","2000","138","5.666666666666667"
"7","0","false","2000","138","5.425"
"5","0","false","2000","141","5.725"
"2","0","false","2000","141","6.333333333333333"
"4","0","false","2000","136","5.633333333333334"
"1","0","false","2000","148","6.475"
"8","0","false","2000","140","5.766666666666667"
"6","0","false","2000","141","5.808333333333334"
"9","0","false","2000","137","5.466666666666667"
"3","0","false","2000","139","5.691666666666666"
"10","0","false","2000","140","5.733333333333333"
"2","0","false","2000","142","6.366666666666666"
"1","0","false","2000","149","6.516666666666667"
"7","0","false","2000","139","5.433333333333334"
"5","0","false","2000","142","5.775"
"8","0","false","2000","141","5.8"
"4","0","false","2000","137","5.683333333333334"
"6","0","false","2000","142","5.833333333333333"
"9","0","false","2000","138","5.491666666666666"
"2","0","false","2000","143","6.391666666666667"
"10","0","false","2000","141","5.75"
"1","0","false","2000","150","6.525"
"3","0","false","2000","140","5.708333333333333"
"5","0","false","2000","143","5.791666666666667"
"7","0","false","2000","140","5.475"
"8","0","false","2000","142","5.816666666666666"
"4","0","false","2000","138","5.691666666666666"
"6","0","false","2000","143","5.858333333333333"
"9","0","false","2000","139","5.508333333333334"
"10","0","false","2000","142","5.775"
"2","0","false","2000","144","6.466666666666667"
"5","0","false","2000","144","5.825"
"3","0","false","2000","141","5.725"
"7","0","false","2000","141","5.525"
"4","0","false","2000","139","5.708333333333333"
"8","0","false","2000","143","5.833333333333333"
"6","0","false","2000","144","5.891666666666667"
"10","0","false","2000","143","5.791666666666667"
"5","0","false","2000","145","5.825"
"3","0","false","2000","142","5.758333333333334"
"9","0","false","2000","140","5.575"
"2","0","false","2000","145","6.5"
"7","0","false","2000","142","5.541666666666667"
"6","0","false","2000","145","5.891666666666667"
"4","0","false","2000","140","5.725"
"8","0","false","2000","144","5.858333333333333"
"5","0","false","2000","146","5.85"
"3","0","false","2000","143","5.775"
"10","0","false","2000","144","5.8"
"2","0","false","2000","146","6.516666666666667"
"9","0","false","2000","141","5.583333333333333"
"7","0","false","2000","143","5.566666666666666"
"6","0","false","2000","146","5.933333333333334"
"8","0","false","2000","145","5.866666666666666"
"4","0","false","2000","141","5.741666666666666"
"3","0","false","2000","144","5.808333333333334"
"5","0","false","2000","147","5.908333333333333"
"2","0","false","2000","147","6.525"
"9","0","false","2000","142","5.6"
"10","0","false","2000","145","5.833333333333333"
"7","0","false","2000","144","5.575"
"6","0","false","2000","147","5.966666666666667"
"8","0","false","2000","146","5.925"
"4","0","false","2000","142","5.741666666666666"
"5","0","false","2000","148","5.925"
"9","0","false","2000","143","5.65"
"3","0","false","2000","145","5.816666666666666"
"2","0","false","2000","148","6.533333333333333"
"10","0","false","2000","146","5.858333333333333"
"7","0","false","2000","145","5.583333333333333"
"6","0","false","2000","148","5.983333333333333"
"4","0","false","2000","143","5.775"
"8","0","false","2000","147","5.933333333333334"
"3","0","false","2000","146","5.833333333333333"
"5","0","false","2000","149","5.95"
"9","0","false","2000","144","5.691666666666666"
"7","0","false","2000","146","5.608333333333333"
"2","0","false","2000","149","6.541666666666667"
"10","0","false","2000","147","5.9"
"6","0","false","2000","149","5.991666666666666"
"8","0","false","2000","148","5.975"
"4","0","false","2000","144","5.816666666666666"
"3","0","false","2000","147","5.833333333333333"
"5","0","false","2000","150","5.983333333333333"
"9","0","false","2000","145","5.716666666666667"
"7","0","false","2000","147","5.625"
"2","0","false","2000","150","6.558333333333334"
"10","0","false","2000","148","5.908333333333333"
"6","0","false","2000","150","6.016666666666667"
"8","0","false","2000","149","6.016666666666667"
"4","0","false","2000","145","5.866666666666666"
"3","0","false","2000","148","5.841666666666667"
"9","0","false","2000","146","5.75"
"7","0","false","2000","148","5.65"
"10","0","false","2000","149","5.925"
"8","0","false","2000","150","6.058333333333334"
"4","0","false","2000","146","5.875"
"9","0","false","2000","147","5.775"
"3","0","false","2000","149","5.866666666666666"
"7","0","false","2000","149","5.666666666666667"
"10","0","false","2000","150","5.941666666666666"
"4","0","false","2000","147","5.908333333333333"
"9","0","false","2000","148","5.8"
"3","0","false","2000","150","5.891666666666667"
"7","0","false","2000","150","5.691666666666666"
"9","0","false","2000","149","5.833333333333333"
"4","0","false","2000","148","5.925"
"9","0","false","2000","150","5.858333333333333"
"4","0","false","2000","149","5.95"
"4","0","false","2000","150","5.975"
